15030705824
18743553504
15273864766
13024393742
15973825054
18390534460
18390585244
15044502004
17059917438
13477613020
13593683164
18216452359
13568332334
17873828284
18216476718
13261858440
13261809264
13115497802
13635857413
13636090771
13677139538
15926712199
13624357942
13943593043
15143587430
17091468286
17091471851
13636126375
17123548847
17121224745
17139022534
18473834250
17136343264
17191468284
17191472240
17191496229
15873839640
15873848610
17138730779
18473837286
18478205975
13689631484
17094851609
17094852598
13451497026
13463964705
13483116621
13483142473
13483192958
13483422613
18345575463
18345582041
17072083863
17081778501
17088595080
17089737375
17191372328
17191370697
18343292483
18308421447
18383834721
17073274021
17089217460
17089283608
17089286943
17180460875
17189194067
17170933932
17521637564
13451480995
18773844044
15243883461
17872559004
18711895543
18774443123
13402491018
13483138379
17134289364
17162216424
18481946235
15243886612
18473867209
18473882941
17187146101
17191237479
17194847973
18227127234
17072314716
17072826420
17099606445
17180931984
17195084183
15243854757
15246079547
17053568265
17049065394
17187663258
17186659743
17189702574
17189709612
15073814147
15243823431
18711857409
17185326594
15302345022
15302404295
13438376377
18482197648
15981601954
13547763894
17053614173
17053676204
17065713300
17068715490
13408690806
13438463593
13483162707
15114393984
18744558941
13451473993
18216455546
13024317441
17731934740
13469912591
14726507375
13115493719
13126564976
13261398409
13269074498
13269734295
13269788644
18766054760
13635855862
15071665431
15971405214
15243851573
13476654899
13581275367
15072734866
15926704760
15926727921
15926749035
18272140915
18272154002
17123414379
17020675748
17135636372
17152213392
17152049287
17123543524
17124023304
17128708841
17128709439
17129261347
15708943865
15708945061
15708949408
15708970913
17131638052
17139077448
13057905054
17133201845
17136340540
17191490676
17191491136
17086800633
17130174470
17001586139
18473868073
18478216269
13403815026
17070647710
17189203372
13463110406
13463885460
13463979484
13483121487
13483143084
13483432700
17072082979
17089735410
17189373020
17075494132
17088757473
17185051918
17160904287
17168873856
18383847614
17198213645
15243862659
17828495387
17134289423
13400316979
13403217003
13483671831
13483689752
13162184390
18384889376
17183541140
17183891246
17185359451
17187055540
13458699424
15183670854
18482066749
18482337639
17072123574
17074496415
17089802846
17074494671
18373896434
17123598540
15115168164
18773848448
18773855946
15073852804
18374259328
17191666465
15046882954
17044522911
17080341727
17088756254
13403311211
15873879234
18473817473
18711802245
18774444148
17072631437
17074579468
17044334054
13778294935
15884274203
13438259554
18428057961
18780145135
17067401398
15714424581
17152209413
17162755442
17182240398
17182240536
13408581458
13408615977
13438482535
13438492494
18482343665
18482374876
18844281003
15943586484
17161804185
13408539805
13408547759
13438146256
13438187008
18782214173
18782251176
18782276039
18782276775
18782406932
17873823104
14726502046
13069607461
13402481493
15843584975
18443573124
13943406441
13943575146
13944595541
18443584049
15173846227
13843599942
15114300124
18474793393
18216495987
18390541035
17872874423
18482384129
18773871524
13487032368
13115492921
13126724557
13261834147
13487065373
15926738370
13766147994
13844580846
15114353415
15804359441
17008367765
15243819472
13647139899
15272014827
17135637506
13654452243
17048802340
17121224556
17121228443
17122734897
17123542496
17123543462
17124624186
17128709124
15706593226
13578581752
13487995240
15080824613
18473856672
18380641904
18728040804
13400316572
13400411401
13451476024
13463116922
13463985448
13483102496
13483103255
13483187251
17166935998
17078038284
17078951637
17080885063
17088595606
18308420754
17180460642
13807464941
17168875358
13658179485
15883684141
15754424049
15043583243
15183171324
15273835645
18711861546
13400218960
13451494631
18381981286
18384840945
13463876589
15183845040
15883832974
18482329964
17072150790
13618996478
17123594775
15243831271
15873834966
15897384942
18374270421
18473873600
18478211607
18774444868
17191667231
15243812549
15973825304
18373844300
18374104338
15007382439
18773824857
18773863244
15214615981
15214618235
15246068412
18245748606
15111524852
17152040347
17189422891
17191724984
15207386460
15973884920
18711849149
15181003804
15363089813
17137664174
13438468558
17053618034
17069114215
17069115296
13408026563
13438872369
15096010524
15183809114
15884286948
18244417849
18280548434
18281060345
18482288909
18482304825
18483631833
18780093254
18782067344
17170066620
15700417795
15124433303
18444077491
13698197461
15183828342
17045028339
17001702181
17098232790
17098235458
13408523363
13438112081
13438136162
18782239085
18782239890
18782241914
18782274459
18782282049
18782412413
18843554348
13504773710
15886215813
13483132602
13483134948
13483686074
13404504296
18704353034
18704354276
13704353847
13943402047
15030710924
15804352448
18443572249
15173848273
15874627154
15944501545
18374109604
18702893592
13469907464
13126572434
13261865472
13269764845
13500958430
13844584870
15144589904
13469470993
15080825164
13635872911
13636057095
15926721050
15926799020
15971402897
17123412545
18243281004
17190679311
17048804363
17123544082
17123548843
17190134602
17190138420
17133202449
17133204703
15243822921
17136643272
17086800938
17136307104
17191466233
17136345140
15243866920
15973836044
17085125480
13689633594
18383829542
18383848241
13451490467
13463958767
13483143228
13483195116
13483681405
18745946280
17094850156
17158780312
17071375528
17081773920
17081777140
17087293483
17088595605
17187434218
17191372922
17078951929
17080885654
13596377357
17041187085
18383803483
18383836074
17189708504
17075051204
17085567241
17089152918
17180461193
17197186080
13647468476
13974684048
17170933995
13658100548
15283867554
15073870447
15243819931
15273800845
15973824337
15973840414
13320001284
13463897863
13167180682
15181032346
17059900690
17078637479
17081749425
17169034701
17187794191
17189724972
17081045504
17088025084
15143238056
17123594705
15073846320
15273874905
18473844803
18478203303
18774444154
18774444775
17191666379
17191667552
13469480607
15073860304
15907387204
18774433413
18774439324
15243854960
18773833343
15245964957
15246068641
17053562327
17053566927
17198216894
17198311493
18473842365
18473845562
17084294720
17180684109
17137664426
18428309541
17053623047
17053674544
17053739588
17053774640
17053774824
17053961492
17067401680
17044335026
13438014008
15983847438
15984902149
18428309334
18482300753
18482322189
18482328353
18702842831
13458961649
18227110141
15700405742
15883631424
17044702934
17042933124
17045028355
15882514981
13408415262
13408431500
13438148696
18782221374
18782274550
18782287890
18782401303
18782404017
18782427592
15044505404
17183340793
13483145919
13483699023
13630758240
17089517744
17195606273
17195613679
17053561315
17078559854
17197951152
17137527484
18343244317
18304354469
13664354847
15115807544
18374107006
17873845483
15714329276
14726501793
13126571492
13163559517
13617138239
15114304471
17084652026
13618674110
13636102291
15071682090
17135639507
17099492868
13404652624
13844672409
18343239327
17182250525
15143262575
17121225407
17124621495
15708942975
13578546884
15243883067
15243885367
18773821246
18774447122
17873837364
17136307634
17136626943
15243827453
18478213884
18383832418
13451495436
13483175153
18345914802
17166936550
17079526407
17080887478
17041187408
17180461286
17185055145
15897465143
18807468498
17170312835
17179604651
15197814711
17188204972
18473844550
18473823069
18478211009
15973081714
15214613290
15243804338
18373896234
18374255149
17059909845
17074968865
17180684156
17188120102
15124319453
15183660649
15884264776
15143583424
18482144722
18782131974
13408073046
13550623964
15982944344
18482310253
18482371916
18782064814
17001600130
17161804514
13438185750
18782280347
15143253375
18843588940
13463870632
13483180121
13483435512
17188024399
17078958123
17078958905
17190765470
13488947003
18328504745
18328529424
18328545041
18782016329
18782042757
17189208576
13483433213
13550661914
13698194471
13407485326
13469489117
13487387648
15907385134
18374274836
18478214044
15708452776
15973801844
15973892418
18374272008
18473814421
18473868632
18773854665
18774449468
13483124001
13483693550
13483188722
18137652654
15904350274
17872550434
17020624155
17003074610
13451485818
15115855334
13843516471
18474668200
18374103184
13013718032
13904450854
17001704017
17872251924
18216493361
18728451741
18774451948
18774459929
13269086894
15926723600
18272459123
18772514911
13409794523
13477666258
13636093685
15926795107
18272140343
17135638629
17152217811
15886213923
17084401637
13404689374
13578527284
17182255742
17042728450
17046760465
17046760649
17121226546
17124029402
17129264754
17129269584
15706575328
15708966109
15708977103
17131639244
17139010406
17041189750
13844267214
18473850957
17130167704
17136306894
17191462596
17191468300
17002449953
17070642998
13668301344
15183898304
15196321409
18283850494
18383844466
18383847249
13400214425
13463806642
13463853217
13463856414
13463872852
13483191065
18345585845
17072084270
17072088249
17078951725
17080886531
17080886945
17081314975
17081316762
17089733297
17089739668
13698197848
15883612492
18227104296
17189708156
17053569930
17083500060
17180462800
17187437481
17180502475
17160974272
17168874273
13689628347
15283858144
15283859041
18383856403
17130914606
15073846754
15243858936
15273844795
15873847704
18774431823
15243888422
15873811341
13397902741
13400418060
13463111881
13483160981
13483161832
13483673736
17180349870
17182229476
13419013176
13438820339
13458629342
15283803427
15883846494
17074494785
17078346434
17079757047
17088414316
17169036745
18374143112
18473844731
18478211005
18478211964
17191667572
17080343770
17187665135
13467388011
15273875546
15873827924
18774433433
18773868247
18774443714
15245964609
15714592024
18245696546
17053563881
17053564072
17083570079
17176980409
17189442414
15243827472
15243894862
15873815849
18373869734
18374266438
18473845260
18478203369
18774430604
18774453351
17030657130
17072134640
17074960581
17089382524
15883845482
15302417442
13550630423
13678385924
18428075628
18482335963
17034099494
17065011126
17067401677
17069240297
17044333482
17044335253
13408071754
13408529224
13408570164
13438861939
13458599327
18383860451
18482343109
18780043662
13440148336
13458977493
13698196146
15883620742
17098235615
17011328344
18774459727
15284835741
13126709447
13403216359
13483142440
13483180436
15944583534
15115820440
13894541439
18474652672
18474762957
17872256245
18216452671
18711834859
15284824210
13261399417
13269734571
13269774530
13263591800
13636039885
15271644428
13894514621
13636058178
15926779311
13617135081
15072729089
17123410469
17123412194
17124626640
17042727834
17194014834
17194040410
17190321640
17130174079
17001581654
18383849646
13403319430
13483157275
17083447494
17065564319
17083447486
17189709771
17075052057
17091340465
17170933276
13658151349
18383839641
15173843744
15243890911
15273844064
17003652252
18208234725
17184109447
17187763074
13052083202
13248271431
13488904339
15282891436
13550609145
17075104558
15243854885
15273881431
18307384413
17191667408
17187665140
15973899434
18774445812
13469485017
15973842455
15245964215
18245748093
15243213806
13404503470
17162217342
17186658890
15243889431
17099366944
13894216518
18227194154
17054820536
17053730275
15183809414
13698198244
18443278073
17011631757
15828980482
17161804699
18408204246
18782285561
18782431312
18843552547
15943582643
17195275587
15708484417
18328530429
18702845815
18728492471
18781930809
18781954384
17196600103
17189363038
15273849653
18373824314
15073872534
15273867447
15273875543
15873824425
15873842135
18374104906
18374130919
18374148215
18374148307
18374257235
18374257603
18374257649
18390587534
18473850455
18708162150
13483129307
15873854417
17086811535
17086932883
17076416110
17076839563
17078959565
17087365950
13483166395
13483191465
17080886724
13402497311
15973857314
18374106908
18390574402
18774436743
18404328770
13469930735
13487064194
13126713143
13261814269
13069618725
18645985262
15926790091
15926795312
13844587441
13469885218
13593659212
13635864350
13636062311
13677131387
15926768563
17135637063
17135639708
17124025214
17128708451
17129124889
17129125487
15706598326
17133201064
17190321127
17086800703
17089433605
17130166743
17130178473
17136306846
15073897904
15243814452
18473888981
18774453878
17002449951
13400114902
13402483281
13451497431
13463817312
13463854503
13463950873
13483112886
13483678801
17078951723
17079520191
17079525642
17088594795
17189192563
18383834712
17089287348
17180461027
17180464293
17185054564
17185911659
17160973035
17177545639
17179604139
15183879465
15273844885
17189707498
13451473626
13451499018
13483693015
18481907218
17184731069
18521549857
15283807714
18383858425
17072158949
17078636945
17078639843
17079271434
17133378463
15143238097
17123595643
15243882210
17191667225
17181433513
15073809124
18390534439
18773848219
15214618597
17053564024
17131678142
17162215874
13483131539
15073863243
15273874440
18374142535
17070413904
17161836524
17137562427
13419011058
15884274223
18443557984
13438494841
18482100809
18780149391
17031760150
17031806633
17053865933
17059392500
17059408071
17061410727
17069100179
17046339379
13438211596
13438950701
13458591781
15892475540
15984947120
18308434732
18383804122
18428087701
18780045822
15700406634
17074220416
13894534724
15834568854
17042932964
17042933493
13408430552
13408431679
13408495722
18782289081
18782291634
18782294106
18782404196
18782433935
17080830144
17006067207
13843538342
13844594042
15143556049
17041591420
17078957933
17082399710
17187267371
15708416154
15719426599
15719429612
18328502324
18328529464
18328546001
18708145890
18728478304
18781954431
18782085013
17182249714
13483124731
13458993154
15183690945
18216467517
18773889054
13894584437
15114306476
15115843267
18216470760
18373822477
18390522340
18773831140
13024334656
13843539479
13943599438
17001705612
17176670430
13894202545
13581255069
13261390412
13261813474
13269056473
13206806260
13206822590
13995940331
15926734073
15971406697
15144552948
13581244374
15071713834
17123410480
17152047826
13463979317
15834550240
13894531474
15114350734
15114391674
13065020972
15628925617
13730163124
13731239754
17800326844
17559521628
15044558407
13126566465
13261838941
13261864816
13269074005
15737384095
15044685183
13807461432
13807467481
15843516491
18482314219
18781907251
18843581245
17189201986
17180473049
17180820740
17187308580
17187751698
18482210788
17028922944
15044504840
15114398482
15834551459
15834564270
15843514835
13593681952
15072720021
15926719290
18272144704
17092634485
15082609745
13668301450
15283853604
15283871314
18283811247
18383801194
18383830174
13400410859
13463871332
13483172840
13483675942
15114306045
15243880432
13463111090
13458977484
13541704781
13550648492
15183801534
18308421546
18383851495
18245742682
17076299862
17191971922
17196732692
13483685602
17073435212
17074319033
17074319424
15196905462
15570348458
15579447971
13467880600
15873809124
13674351347
15004358248
15084278763
15804355449
18702846476
17067400426
17069105002
18458409261
17158780415
13694356149
17073798980
17195674255
17195678786
17195907429
17197385846
13408603620
13438815063
13458510492
13458686741
15183695964
18283841423
18308434449
18380644605
18383830243
18482002155
18782003874
17872251524
17872267463
18711847043
18711847066
18773856446
18773897064
17089395349
17089734415
17191994715
18774444165
15115874714
15873897214
18702857930
18702863289
15700403637
18844280514
18439245937
17004758385
17196157370
13438490211
18781901478
17076738449
17073279341
17075030883
17075490745
17198510730
17082704672
13550640557
13550641845
17076233001
17076238958
17076302829
17086294719
17076115747
13483197220
13483697493
15044210693
15044269343
15033364143
15033684098
18843589547
13438156595
15984943214
18380644351
18482292851
15947963101
13844294114
18780697473
13731204034
13731680341
17800326314
13269083940
13269721247
13483199149
13807464145
18443580401
18482106894
18483687525
17185818432
18843588740
17177544801
18272145069
18272451362
15886212653
17043800194
17043802747
13658106145
15283869634
15883425147
15883692407
15892488734
15984907426
15984908346
15984909542
18283827461
18380642419
18380645846
18383844134
18383849424
13400316811
13483130264
18773814447
18238555641
13451484704
13483195310
13881044593
15183805349
18383836498
18383838545
18383850480
18482369096
13403216743
13451497078
13463894720
13483147332
17188350387
17191972565
17195340869
15224093807
17858418219
18334373503
15245964691
15246045306
15246060346
18245747672
17073433762
17077296658
15579844373
17053734975
17053735826
13469495705
18374134201
17080025953
17087627014
17184929183
17197389753
15084292539
18782037384
17081975755
13307904214
15307906104
18380649204
18428086175
18482309204
18482350602
18780065594
18782008264
15243836087
18473850632
18728463505
18711846168
17070531760
17072084145
17089735610
17189195016
15708949721
15718999711
15114300041
15073862614
15273804855
15873846429
15973841641
17828499495
18711803411
17734809112
17094293244
17189704420
15124370683
15700405591
18243239614
17080830905
17080674645
17091938067
17187304301
17187757583
17187759885
18428058506
13126774277
13220192940
13261380374
15297387463
18280546458
18281049514
18283842749
13731494954
13731661244
13057794893
13261373942
13261856482
13261864486
13261865429
13269735224
13269737294
13269780465
18766063294
17191104285
13206809501
18345910342
13403318350
13403319086
13463887516
15144586457
15204352294
15843514267
15843586104
15943587459
18782069761
18843500461
15884254405
15884274346
18227131994
18482145805
18482196750
18482324653
18702897344
13463415157
13483680994
17180823461
17187308311
17187308411
17180508323
18443202136
13500951487
13604453465
15044555846
15843517541
15844501412
15943584952
15944582945
18443567468
17177544681
17179604998
17092634316
17092634891
17078434254
17085652114
17043801452
15181144911
13628106941
13658179464
13689625846
13689633045
18383801140
13400212514
13451487641
13463990947
13483118598
13409708371
13669030082
13995914454
15926754173
15926777449
18272455104
13707465474
13943583934
15043584142
18774432312
13400213534
13463964083
13550644382
13550664722
15828985497
18382519764
13483171107
17065617366
17076299685
17077162860
17079861427
17079863175
17080487571
17194816232
13456735413
13456827114
15988432184
18458348211
18814858607
13170835776
15579505118
15579829364
17053705942
17061410934
17073430113
17074318381
17075130143
17077294006
17077296137
17083092904
17079479826
17195673097
17195677375
17195679813
17199952124
17199957031
18179055347
17094850895
17193585149
13894588943
15084278502
15704148090
15804357143
17872872194
13408599058
13438130023
13458525687
15181024115
15984900948
18308449759
18383830074
18483606397
18780077294
18711856465
15708971520
15873841247
18473850257
17078952605
17078956170
17088597808
17089737420
15104355248
17196156189
18773848342
18844280414
13460928842
15700418571
17187309461
17187758122
17131002502
17187752771
17087895741
13458607153
18428081821
18428312994
18206863083
18843213574
17070155174
17075493382
18843586406
18772429765
18772514796
15144582684
13153117035
18772510385
13438996496
15892472143
15983840724
18227147748
18244411548
13057780149
13057943794
13091988049
13106114580
15947963806
15947985490
13596381747
18444024541
13843514452
18343222032
13261891487
13220185674
13269737840
18746674462
17190136743
18546965462
13400312134
13483131040
13483199230
18874609409
13943402049
15844506402
15944504721
18804354920
18728492014
18781932744
17032491288
17069122698
13400214177
13550663410
15181088514
15283801454
15884254358
18482133867
18482329574
17072873474
17080674108
17187752494
17192251915
13943595824
15044554718
15104353407
15114351438
17170313360
17170313756
17179604790
15044628594
17092631141
17092634913
17092635741
17199127604
17043907844
13483142954
13658101401
13658161454
13658178405
15283875491
15892479894
18380647425
13429910052
13597543942
15171654558
15926724962
15825540142
18334304978
18334351852
18334375381
13400216868
13483112433
13483126164
13483439562
13483674893
13547040841
13698192724
18383838744
13698359451
13463418154
13463867850
13486161520
17065562901
17065713758
17075385534
17076293758
17077163319
17078957963
18814794942
15570348472
17053631030
17053646187
17053734967
17059354920
17075137612
17077286346
17077286369
17077291981
17077296719
17077297639
17083083381
17083085819
17183088945
17199831680
15754430812
18743295969
17073749636
17073798649
17079478752
17079479879
17087625030
17184925265
17192654346
13894586642
15089014362
17307907548
18179053943
18179055254
13804145094
15084288179
15243822440
17193585754
13894585446
17873840286
13408010073
13438152194
13438207118
13458591834
13458682983
18216495574
17131020625
17081314451
17082608132
17083447931
17087295141
17187432863
17191999375
17082607644
15243814206
15273829574
18390544831
18473844483
15700405974
15243885046
18781937832
17150816334
18439287052
17187759941
17080678156
17165211482
17186114043
17187756841
17187757577
17662913059
13438295300
15137273021
13894585114
13483120749
18772419151
18772445785
15182634604
13157794667
13248925543
17532581657
13126576422
13126582448
13126584104
13126711478
13261394947
13261803864
13261814536
17181079304
17190143466
17190148043
17191104429
18245986457
13483100112
15143264239
15144554884
15804357149
15981609248
18744558814
18843552240
15883649534
15947984260
17150934193
15043587834
17086815851
17194920014
13451477533
13402481455
13451486037
13483189122
13483426183
13483426873
13995941468
15926730771
13469925252
15971403458
18272143989
18272451062
13419263819
13483155519
13400415509
13698182749
15183831294
15226134113
13451486451
13451474980
13451490137
17079862474
18248484395
18458197383
18458197912
18458347596
13456811256
18458345992
18814803442
15246080547
17064534233
17073439396
17074318364
17077296082
17081321266
17053976359
17061694561
17065011759
17069100170
13177951338
15579449901
17195673632
17199956071
15084298012
13469489103
15073892421
15243895541
15973890724
18374269808
13408071237
13408652631
13438234771
13438480135
13458594693
13458696238
13488902184
18227142442
18380648421
18482331467
18482334969
15708948848
15708974608
15708975505
15708908742
15708973372
17070647202
17004757049
17196156793
17196157506
17078954865
17079520320
17079520573
17082609864
17089395508
17072084610
17181897253
15700405130
18744241943
13487386829
15243894782
15273894648
18473888627
15115835848
15243862421
15243862950
18773824750
18272570340
18439236275
17080464338
17097253556
17092572498
17187309107
17070154059
17090066441
18288213129
13944215773
17134676482
17076239002
17076239255
17086270981
13438805125
18428090820
13438494884
17081408597
17087593297
17065665948
17075493043
17080726095
15881904754
13698194640
15883619749
18482399340
18702878812
15197824057
15197887491
15043293894
15144303293
15044202963
15044268513
15948612652
17043908946
15083067157
15936653852
15044506438
18843589743
13024320643
13225147857
13518464971
13541673512
15983844723
15984901504
18227146043
18280541164
13173566240
18444026636
13261809489
13400414941
13483183937
15974089894
17847552456
15804351941
15844503846
15981609146
18304354053
18728436034
18780011510
13483169539
15181033426
15883800404
15883846243
17192534237
17160753665
17160903303
17160973982
17168873769
15843585042
15844588164
17078434250
13463118323
17043800344
17043907984
13636017626
15926754652
18772488049
18283823954
18380646341
18383800354
13483108382
13483694491
13550650481
15883615645
18383852794
13547782496
13486143623
18334397826
17076294008
17076416920
17077561653
17078899839
15214618670
15246084096
17073435292
17082901770
15579524227
17053617342
17053764657
17059395379
17059397150
17061390330
17180814656
17079476932
17080620906
17080625184
17087629236
17195672265
17195672514
17199953715
17199958246
17057944838
13487999355
15243811489
17048006350
15973874131
18482391073
13943594947
13438863949
13438942724
13488936490
18281048843
18383832784
18482349213
18702860494
17196156346
17196157469
15778988714
18216495755
17005921479
17005923484
17064398638
17070531703
17072084617
17079526451
17080880503
17089837259
17191371012
17191994703
15173847513
15973871624
18211659453
17166268467
17187304313
17187755688
17192537871
17090064016
17090067144
17081409875
18287142693
17187454687
15043245164
17134677346
17086203968
17086295324
17086306437
17086313038
17089283304
17188357157
17189194361
17189199674
18402859143
18702857780
18708128598
18428058357
18428304595
18482065393
18708122641
18708145572
18781949743
13684432603
15008112104
13185770423
15114394794
13731478141
13469901073
13477699338
18772449114
18772513629
18772536307
18772554776
13731227004
13731247428
13185879443
13126734322
13269087429
13269701345
13269764986
15069299476
15165969453
13206825279
17190131431
17191105343
15144554050
18404355412
18728457543
15883827364
17192251433
15282869943
15282875164
15984924439
18383806614
15144551405
18304356472
17080402513
13483109651
13995944469
15072738884
15926710059
18272143350
18771638904
15196320460
18283808479
18383849704
17057624038
13463957286
18443584948
17808233948
13484046211
15988473247
17858416682
13440143259
15183800146
17080830152
18780694959
13400216432
15825502204
18314857616
18436379496
17078578970
17073796637
17080627810
17123548478
17192658441
15579514168
17053735957
13451470874
13463116337
15183697842
17048005725
13438474551
17004754513
17196157661
15243817749
15043584648
15708451789
17005924178
17873845485
15243814678
18373844923
18711837467
17079526834
17089395295
18328530024
15286958412
18437245182
17064625353
17187306720
18711891540
17099828244
17076235546
17076239410
17076308674
18402882354
18781921549
17136305462
15984942448
18213928395
18669532750
13541413524
13547784984
17078593943
17080729769
17084688161
13698199441
13483193854
13419019507
15181019848
15183671484
15183834462
15183853437
15883840439
15884299427
18227164263
18383859445
15181021849
17093608274
17186074622
17082708252
17151779460
13438033756
13438063277
13458683122
15096602132
18482315039
18482371780
18482373183
18702818718
18728497402
13469480357